0
338024
159540
154991
143499
94540
88293
84611
78264
69535
67420
67268
65210
63870
60859
60558
56432
54550
53987
47321
46201
45432
42482
42101
42188
41048
39048
38282
37927
37123
36380
36092
35819
35570
35172
34864
35010
34515
34334
34584
33901
33978
33469
33597
33738
33610
33184
32925
32336
32537
31885
31684
31596
30913
30315
29935
29726
29326
28627
28107
27544
27310
27180
26922
26656
26343
26298
26129
26109
26101
25916
26034
25820
25804
25275
25073
24461
24336
24237
24242
23934
24128
24165
24174
23842
23822
23815
23675
23718
23240
23836
23340
22792
23020
22606
22701
22781
22376
22560
22444
22301
21993
21773
21863
21617
21853
21462
21854
21764
21346
21350
21138
21114
21026
20847
20871
20882
20830
20383
20643
20509
20005
20393
20208
20344
20209
19769
20113
19802
19725
19836
19450
19423
19345
19333
19294
19153
19067
19055
18829
18708
18718
18630
18461
18424
18692
18478
18364
18265
18336
18083
18143
18250
18015
17875
17797
17577
17632
17822
17779
17670
17220
17793
17400
17398
17412
17308
17288
17262
17092
17300
16970
16985
16943
16760
16934
16990
17073
16956
16920
16802
16744
16480
16667
16830
16641
16584
16587
16555
16379
16767
16673
16734
16299
16553
16611
16263
16451
16454
16241
16483
16302
16222
16400
16296
16091
15927
16262
15832
16094
15897
15998
15870
15885
15883
15749
15921
15843
15939
15670
15660
15909
15747
15716
15611
15472
15490
15533
15422
15370
15317
15326
15347
15245
15468
15202
15281
15321
15185
15336
15119
15063
15356
15005
15324
15135
15335
15176
14803
14844
15316
15095
15002
14946
14935
14923
14712
14640
14751
14735
14716
14702
14882
14786
14668
14878
14711
14825
14733
14986
14691
14887
14768
14497
14605
14875
14557
14511
14805
14495
14436
14394
14489
14315
14699
14440
14415
14569
14430
14433
14578
14271
14509
14339
14071
14071
14178
14040
13918
14083
14058
13855
14013
14053
13879
14048
13923
13935
13952
13811
13795
14068
14097
13911
13801
13711
13700
13846
13532
13799
13566
13782
13418
13830
13562
13341
13530
13713
13516
13498
13357
13400
13568
13259
13404
13488
13273
13490
13493
13369
13337
13322
13517
13460
13443
13190
13316
13219
13143
13197
13125
13084
13115
13216
13185
13122
13182
13195
13203
13171
12826
12742
13139
12871
13117
12885
12927
13027
12962
12878
12865
12940
12696
12940
12824
13001
12853
12848
12852
13045
12858
12805
12886
12546
12704
12855
12547
12747
12652
12753
12642
12633
12562
12607
12640
12709
12480
12691
12542
12514
12546
12533
12714
12489
12625
12535
12497
12512
12402
12287
12207
12498
12468
12436
12398
12116
12447
12098
12196
12365
12086
12004
12198
12231
12272
12297
12077
12372
12239
12072
12120
12201
12291
12143
12222
12066
12058
12246
12166
12174
12004
12117
12164
12046
11936
12184
12003
12119
11944
12045
11957
12147
11946
12157
12084
11950
11847
11813
11610
11842
11801
12010
11960
11855
11771
11747
11848
12003
11651
11689
11764
11608
11878
11781
11753
11532
11672
11534
11514
11743
11400
11595
11566
11454
11737
11446
11503
11741
11527
11773
11755
11398
11735
11647
11536
11462
11622
11394
11395
11546
11339
11527
11472
11330
11366
11294
11507
11435
11165
11307
11578
11430
11242
11418
11426
11265
11208
11317
11043
11338
11163
11224
11211
11284
11320
11209
11199
11132
11406
11377
11212
11239
11164
11142
11028
11259
10920
11176
11147
11313
11115
11134
11091
11222
10939
10893
10966
10961
11023
11137
10932
11092
10899
11007
11326
11199
10926
10913
10986
10840
11060
10667
10841
10984
10911
10892
10879
10790
11226
10750
10871
10877
11034
10944
10901
10941
11009
10864
10872
10948
11088
10669
10962
10681
10750
10825
10841
10785
10795
10830
10874
10888
10869
10935
10614
10545
10862
10876
10587
10619
10895
10773
10818
10741
10581
10696
10773
10431
10758
10817
10661
10603
10523
10454
10716
10685
10437
10637
10472
10603
10678
10533
10671
10516
10699
10446
10391
10374
10708
10398
10528
10425
10395
10410
10446
10275
10533
10448
10278
10626
10297
10452
10424
10470
10549
10364
10482
10469
10466
10329
10306
10247
10572
10264
10392
10382
10323
10364
10348
10473
10357
10251
10340
10155
10073
10293
10069
10131
10234
10245
9883
10147
9953
10411
10208
10257
10083
10097
10074
10274
10187
10140
10115
10149
9969
9987
10035
9982
10157
10209
10034
10007
10068
10033
9959
9957
9956
9980
9792
9774
9936
9979
9953
9810
9904
9846
10013
10061
10052
9872
10069
9938
9886
9831
9876
9993
9874
9834
9883
10033
9929
9888
9924
9923
9716
9971
9808
9685
9894
9964
9718
9749
9795
10025
9865
9740
9808
9862
9783
9878
9963
9915
9709
9762
9613
9845
9936
9795
9620
9622
9897
9884
9697
9798
9685
9843
9759
9571
9791
9621
9657
9623
9803
9789
9701
9457
9733
9700
9665
9715
9658
9662
9833
9471
9562
9654
9528
9642
9570
9374
9688
9583
9783
9725
9534
9907
9535
9681
9584
9622
9601
9476
9575
9397
9697
9682
9363
9662
9486
9473
9526
9402
9347
9447
9322
9406
9422
9367
9424
9443
9509
9395
9253
9236
9422
9163
9216
9500
9124
9331
9276
9256
9369
9078
9296
9359
9094
9296
9392
9051
9229
9168
9209
9334
9155
9420
9369
9183
9262
9136
9193
9187
9324
9322
9213
9246
9190
9095
9057
9106
9250
9178
9152
9310
9222
9095
9076
8986
9138
9277
9258
9063
8894
9041
9014
9164
9163
9147
9241
9327
9082
9030
9008
8917
9017
9127
8958
9038
9183
9159
9015
8930
9155
9101
9093
9079
9055
9238
9168
9065
9196
9046
9013
9161
9053
9158
9277
9184
8952
8922
9139
9174
9045
9015
8969
9041
9111
9201
9101
9032
9112
9218
9107
9093
8984
9083
9035
9094
8889
8980
8890
9002
9122
8965
8901
9243
9064
9182
9132
9100
9025
9114
9053
9146
9216
9226
9057
8969
9087
9195
9080
9010
9209
9205
9021
9117
9018
8965
8950
8992
9065
9157
9176
9034
9090
9184
9073
9103
9041
9017
9026
9172
9156
8962
8969
9034
9165
9141
9048
9103
9045
9101
8961
9049
9248
9055
8995
9265
9103
8941
9112
9176
9012
9075
8926
9103
9055
9118
9088
9196
9126
9065
9063
9222
9020
9087
9007
9020
9170
8840
8956
9097
9076
8946
9025
9126
8772
8877
8907
9115
8933
8933
8938
8801
9159
8988
8881
8895
8976
8929
8961
8849
8904
8766
8862
8864
8998
8824
8941
9132
8843
8941
9043
8747
8953
9021
8981
8917
8933
8853
8809
8885
8743
8950
8880
8694
8716
8890
8851
8780
8729
8790
8700
8939
8785
8688
8930
8803
8814
8866
8895
8900
8814
8916
8632
8903
8794
8654
8687
8752
8737
8860
8655
8722
8663
8649
8660
8743
8758
8660
8706
8821
9065
8646
8871
8776
8735
8520
8648
8764
8600
8667
8674
8683
8675
8743
8781
8723
8712
8667
8662
8682
8444
8550
8577
8619
8593
8736
8766
8614
8596
8589
8593
8855
8497
8593
8649
8512
8564
8517
8661
8608
8393
8821
8601
8729
8816
8572
8631
8486
8419
8506
8454
8496
8500
8520
8608
8559
8572
8620
8649
8437
8557
8537
8546
8500
8502
8453
8146
8591
8327
8553
8625
8449
8372
8516
8390
8375
8511
8693
8434
8599
8404
8329
8509
8386
8196
8223
8329
8278
8280
8511
8255
8519
8341
8340
8538
8515
8383
8251
8308
8277
8418
8261
8362
8443
8223
8387
8225
8403
8277
8340
8298
8352
8288
8265
8292
8299
8428
8211
8195
8093
8222
8291
8238
8230
8335
8241
8193
8155
8354
8263
8324
8068
8175
8108
8202
8045
8005
8266
8159
7985
8197
8100
8100
8332
8002
8028
8197
8189
8206
8172
8015
8122
8262
8158
8023
8057
7949
8027
8121
7974
8017
7884
8039
7882
8166
7908
7859
7988
7926
8025
7948
8077
7899
7986
7804
7752
8002
8038
7769
7944
7835
8071
7808
7968
7949
7950
7769
7747
7790
7763
7897
7700
7806
7808
7747
7901
7789
7708
7766
7864
7887
7892
7795
7862
7725
7686
7735
7563
7913
7691
7709
7703
7909
7678
7538
7690
7810
7780
7687
7501
7539
7709
7686
7683
7565
7490
7601
7503
7614
7684
7690
7617
7484
7686
7454
7597
7574
7532
7733
7632
7601
7580
7445
7547
7464
7598
7527
7433
7525
7371
7560
7653
7662
7436
7493
7346
7463
7345
7475
7475
7578
7329
7563
7559
7505
7448
7473
7381
7335
7273
7501
7393
7311
7597
7271
7381
7356
7362
7398
7484
7383
7290
7450
7373
7425
7372
7303
7349
7349
7382
7355
7475
7433
7414
7232
7287
7237
7438
7377
7324
7347
7247
7373
7136
7147
7406
7407
7085
7150
7313
7253
7357
7301
7159
7250
7198
7275
7193
7278
7350
7139
7096
7155
7255
7311
7210
7143
7174
7054
7176
7216
7271
7178
7267
7146
7155
7192
7275
7138
7200
7037
7040
7032
7113
7125
7010
7128
7122
7105
7164
7082
7058
7267
7199
7022
6995
7008
6959
7105
7021
7082
7024
7086
7122
6996
7022
7024
7138
6985
6977
7090
6945
6988
7029
7131
7079
6975
6922
6904
7180
6943
7058
7038
7162
6864
6962
7091
6997
6925
6990
6911
6997
6875
7019
6862
7002
6754
7039
6893
6873
7041
6951
6962
6862
6909
6935
6778
6964
6957
6935
6886
6990
6989
7038
6909
6760
6787
6979
6908
6685
6689
6971
6910
6766
6913
6926
6862
6911
6815
6642
7045
6795
6844
6879
6846
6924
6681
6727
6773
6777
6764
7029
6918
6809
6829
6844
6847
6610
6770
6713
6767
6763
6915
6901
6849
6912
6813
6707
6826
6834
6719
6789
6763
6694
6875
6729
6741
6822
6748
6626
6795
6794
6865
6648
6691
6712
6710
6706
6690
6726
6650
6596
6703
6608
6615
6767
6826
6665
6676
6886
6838
6732
6760
6595
6572
6749
6706
6720
6724
6601
6774
6500
6590
6715
6687
6659
6718
6680
6598
6732
6496
6464
6662
6477
6678
6395
6666
6633
6630
6541
6576
6511
6644
6632
6573
6540
6616
6622
6716
6551
6563
6655
6557
6678
6562
6530
6591
6671
6525
6603
6654
6671
6514
6522
6631
6492
6543
6538
6518
6561
6652
6610
6409
6484
6549
6527
6539
6544
6515
6616
6512
6549
6593
6473
6530
6582
6597
6438
6525
6650
6379
6410
6601
6370
6583
6592
6530
6579
6272
6480
6557
6412
6569
6491
6438
6481
6676
6500
6434
6475
6474
6486
6475
6534
6498
6480
6370
6467
6465
6433
6625
6383
6368
6489
6221
6306
6247
6402
6424
6337
6377
6455
6485
6391
6412
6347
6489
6263
6329
6278
6379
6268
6398
6250
6436
6198
6280
6265
6360
6350
6261
6213
6404
6344
6270
6406
6255
6297
6377
6333
6269
6305
6195
6299
6212
6296
6270
6311
6454
6380
6261
6207
6193
6270
6242
6242
6264
6363
6430
6162
6207
6281
6312
6271
6303
6423
6296
6253
6213
6075
6190
6134
6294
6383
6198
6177
6225
6163
6318
6150
6165
6133
6353
6295
6233
6186
6059
6227
6223
6134
6073
6173
6174
6132
6225
6200
6198
5999
6178
6074
6079
6103
6008
6070
6069
6166
5960
6109
6031
6108
6069
6096
6051
6039
6043
6082
5862
6001
6029
6107
5965
5980
6070
6015
6124
6031
5877
5957
6017
5847
6032
5878
5930
5810
5988
5951
5904
5829
5889
5954
5933
5778
5869
5764
5892
5860
5686
5919
5940
5740
5770
5705
5815
5831
5681
5937
5666
5642
5728
5571
5762
5700
5700
5641
5614
5516
5520
5618
5642
5583
5533
5363
5603
5711
5472
5603
5451
5553
5429
5516
5518
5599
5360
5438
5412
5425
5396
5429
5522
5349
5470
5409
5454
5409
5373
5472
5425
5429
5201
5447
5323
5378
5369
5348
5339
5505
5334
5231
5395
5420
5422
5286
5172
5409
5299
5372
5222
5345
5267
5307
5279
5199
5294
5256
5093
5378
5159
5246
5335
5205
5201
5180
5327
5165
5271
5169
5261
5115
5256
5108
5149
5141
5194
5145
5158
5249
5206
5161
5274
5255
5122
5112
5158
5207
5172
5201
5096
5086
5162
5001
5212
4981
5060
5200
5027
5184
5068
5066
5100
5056
5146
4936
5133
5194
4977
5099
4961
5113
5037
5093
4955
5040
5007
5061
4971
4930
4976
4958
4964
5111
4877
5062
4874
4890
5047
4994
4972
5032
4937
4739
4770
4988
4946
4904
4928
5026
5121
4903
4831
5002
4866
4860
4917
4957
4987
4967
4869
5067
4983
4924
4811
4892
4864
4859
4923
4983
4981
4939
4938
4996
4834
4858
5001
4892
4798
4846
4934
4824
4832
4825
4971
4946
4881
4879
4850
4709
4864
4976
4789
4914
4793
4812
4874
4753
4869
4757
4899
4691
4752
4875
4802
4728
4834
4875
4801
4783
4758
4756
4950
4841
4694
4877
4785
4841
4879
4932
4825
4853
4817
4705
4789
4768
4910
4812
4706
4810
4809
4829
4778
4838
4783
4789
4701
4805
4851
4731
4676
4696
4824
4834
4609
4746
4679
4737
4662
4734
4782
4758
4659
4656
4687
4752
4589
4653
4788
4646
4760
4757
4748
4762
4729
4796
4757
4690
4686
4803
4751
4887
4816
4672
4707
4671
4582
4715
4680
4705
4579
4652
4638
4595
4633
4668
4742
4645
4545
4690
4661
4735
4698
4636
4695
4629
4629
4624
4555
4579
4716
4742
4576
4637
4657
4682
4678
4529
4624
4697
4568
4543
4605
4584
4699
4593
4580
4558
4515
4537
4695
4550
4533
4488
4486
4583
4680
4685
4574
4628
4583
4588
4527
4455
4681
4572
4546
4498
4405
4590
4487
4533
4533
4575
4452
4616
4454
4453
4596
4442
4562
4519
4537
4363
4481
4607
4425
4494
4423
4477
4480
4488
4390
4430
4505
4400
4422
4523
4537
4506
4461
4470
4511
4410
4332
4536
4470
4410
4489
4388
4415
4370
4350
4514
4402
4423
4480
4360
4463
4402
4417
4368
4479
4232
4280
4430
4416
4338
4391
4368
4383
4456
4444
4337
4326
4417
4199
4323
4215
4407
4409
4307
4369
4442
4385
4330
4351
4271
4285
4378
4312
4288
4241
4260
4251
4318
4504
4295
4293
4208
4263
4230
4332
4337
4188
4164
4230
4221
4308
4294
4164
4181
4270
4328
4156
4097
4319
4226
4272
4244
4339
4303
4275
4248
4210
4239
4273
4286
4201
4311
4224
4258
4154
4217
4237
4124
4171
4291
4143
4218
4146
4286
4207
4077
4120
4240
4176
4142
4079
4173
4136
4185
4198
4049
4057
4129
4141
4101
4125
4041
4103
4050
4082
4044
4183
4087
4016
4022
4038
4111
4167
3997
4022
3966
4042
4002
3957
3847
3977
3982
3874
3873
3993
3921
3842
3798
3966
3934
4012
3894
3866
3772
3952
3834
3880
3727
3594
3745
3626
3649
3760
3655
3701
3511
3523
3663
3488
3532
3485
3416
3440
3476
3429
3530
3403
3455
3377
3325
3278
3365
3330
3479
3163
3316
3279
3256
3275
3305
3105
3198
3229
3172
3100
3158
3161
3172
3147
3117
3209
3128
3113
3142
3215
3104
3124
3068
3159
3093
3064
3104
3090
3050
3023
3113
2978
3096
3108
2925
2986
2876
2915
3039
3073
2943
2929
2891
2984
2915
2913
2924
2950
2943
2847
2932
2954
2959
2954
2892
2904
2928
2868
2836
2947
2811
2770
2942
2794
2878
2893
2823
2824
2827
2979
2838
2785
2851
2799
2773
2859
2956
2780
2806
2817
2944
2828
2857
2731
2890
2883
2807
2753
2764
2681
2774
2754
2856
2775
2829
2863
2842
2692
2698
2820
2743
2736
2662
2834
2754
2814
2728
2708
2758
2722
2781
2709
2785
2661
2654
2741
2721
2753
2668
2776
2729
2802
2767
2798
2784
2664
2669
2623
2693
2710
2667
2577
2818
2722
2696
2718
2696
2764
2664
2733
2574
2707
2744
2670
2670
2646
2709
2722
2748
2684
2564
2661
2560
2514
2625
2636
2510
2679
2584
2646
2621
2644
2715
2508
2626
2603
2610
2662
2653
2571
2717
2592
2542
2611
2602
2535
2532
2499
2496
2565
2546
2639
2585
2541
2572
2617
2587
2560
2588
2562
2621
2604
2575
2616
2549
2533
2468
2519
2535
2623
2495
2422
2510
2525
2498
2423
2596
2523
2526
2493
2561
2558
2464
2466
2536
2479
2528
2391
2516
2386
2461
2433
2394
2347
2530
2437
2381
2491
2462
2434
2424
2543
2478
2351
2469
2372
2465
2572
2433
2340
2443
2458
2408
2318
2418
2440
2421
2343
2416
2318
2409
2306
2338
2356
2409
2371
2441
2427
2397
2376
2395
2320
2377
2281
2357
2367
2349
2263
2384
2317
2320
2376
2326
2386
2332
2280
2277
2283
2336
2243
2282
2310
2215
2301
2214
2207
2300
2224
2311
2268
2189
2228
2165
2194
2169
2119
2179
2084
2164
2188
2171
2096
2115
2159
2212
2110
2095
2047
2083
2063
1963
2102
2094
1948
1925
1902
1861
1914
