</s> 27080
1358 15359
1701 7231
306 6997
1986 6487
1810 4269
2034 3954
1623 3828
88 3534
1013 3135
598 3051
1914 3024
2045 2926
109 2869
1072 2727
733 2721
1542 2536
1224 2429
1441 2424
1042 2131
1169 2089
415 2036
1131 1902
118 1898
1483 1892
95 1833
2182 1737
1692 1728
963 1705
1103 1660
661 1641
1257 1623
973 1619
436 1612
1416 1589
2394 1575
1413 1555
310 1554
1703 1548
429 1537
2001 1530
1765 1518
1309 1512
2155 1508
1973 1508
1628 1504
2248 1498
507 1472
2671 1445
1624 1441
1229 1433
687 1424
1742 1421
1725 1382
1950 1364
2367 1349
525 1331
1894 1320
1927 1281
1015 1259
565 1230
350 1224
1740 1219
577 1197
1050 1193
1966 1187
55 1181
2464 1174
2130 1165
2025 1164
1655 1151
1119 1150
1505 1150
239 1139
454 1138
645 1125
487 1104
2359 1104
94 1083
519 1083
279 1079
1171 1075
154 1075
2160 1072
2238 1069
657 1067
2450 1066
441 1060
1952 1049
734 1046
1912 1042
73 1041
218 1029
505 1026
1776 1018
1317 1017
833 1017
702 1004
756 1003
364 990
2451 989
1583 988
748 979
59 976
180 975
1869 975
1351 973
210 972
1154 964
65 957
736 953
89 947
2083 943
236 940
1602 938
2383 937
735 931
1954 928
1842 923
316 920
1902 913
2122 907
231 904
1269 903
2199 902
1022 901
1702 900
1682 898
1367 879
2291 875
1889 874
456 873
1955 869
490 867
1739 865
1296 857
48 855
553 851
2080 848
711 841
1527 837
133 835
1464 832
1558 831
1616 829
281 827
2335 826
74 819
2117 815
482 812
2071 808
1370 808
2570 805
444 800
836 799
745 798
2054 796
867 795
868 795
1360 792
1681 787
374 782
609 782
1538 781
139 780
2146 778
1158 773
779 773
695 770
2168 770
1135 762
442 759
2446 757
472 757
897 755
1336 752
1824 751
2075 751
33 751
492 751
1428 747
1300 745
544 743
603 741
2241 741
1798 741
2216 737
39 737
2247 737
1743 736
368 735
2309 734
957 733
2147 732
2181 732
1721 732
102 731
1343 730
737 730
580 729
1185 729
1256 728
36 724
426 723
1417 723
2681 721
1443 720
1903 717
1772 715
1782 715
2056 712
1065 711
1610 710
1282 708
1519 708
1475 708
2518 707
1147 703
1907 702
610 701
1735 700
2385 700
201 697
1526 697
2176 696
2018 693
1826 692
1908 690
567 688
1926 687
160 686
1529 685
904 685
24 684
1273 684
1958 683
371 682
651 682
2157 681
885 678
1901 674
650 674
1203 673
817 672
2240 671
1634 670
962 669
739 669
2126 668
1795 668
175 667
996 666
119 666
1849 665
1761 665
816 665
1507 661
1325 660
1577 659
2405 659
243 659
1778 658
2365 658
638 658
1998 658
2388 658
1115 657
1284 656
2178 656
1090 655
831 654
1666 654
1080 654
2376 651
2349 651
1463 649
606 648
2227 646
2024 646
1848 645
2476 644
389 643
2564 643
194 642
1469 642
2133 642
401 641
2305 641
2539 641
854 640
484 640
1070 639
1705 636
704 634
1067 633
1745 632
121 630
979 627
99 625
1095 625
1035 623
1501 623
403 622
69 621
2562 620
1395 619
743 618
640 618
1957 618
258 618
2472 618
2269 617
1421 617
1874 616
1174 614
167 613
541 612
2058 612
515 612
51 612
815 611
1470 609
2534 607
1975 607
1839 605
1041 605
111 604
44 604
998 603
2228 601
954 600
2173 600
1671 600
2059 598
2112 598
901 598
2667 598
440 598
2189 595
379 595
43 593
2224 593
644 592
498 592
2485 591
2444 591
1708 590
1002 589
2387 587
1919 587
2555 585
2124 584
1093 583
1378 583
103 582
898 582
1199 581
1301 580
269 579
2282 579
1750 579
1884 578
402 578
2249 577
876 577
623 576
12 576
2114 575
148 575
548 575
1737 575
1160 574
591 574
2509 573
476 573
1214 572
1773 572
2530 572
45 571
480 571
1920 570
1599 570
2679 569
581 567
596 567
2097 565
284 564
458 563
2270 562
2123 562
2351 562
2243 562
145 560
1647 560
2094 559
1554 558
251 558
155 557
392 555
873 555
1909 554
2194 554
838 553
1143 553
2077 553
126 553
91 553
2096 552
1240 552
408 551
473 550
1851 550
910 549
1262 549
2526 548
1183 547
809 547
356 545
1580 545
323 545
729 545
1944 545
299 544
760 544
438 544
1756 544
2614 543
1054 543
1101 542
2221 542
2418 541
2268 541
2140 539
2144 539
1873 538
30 538
540 538
1728 538
26 537
1959 537
1787 536
1534 536
2636 536
2063 534
2329 534
327 533
1396 533
1812 533
186 532
1377 532
1535 531
191 531
1320 531
2197 531
1996 530
2 528
1779 527
1758 526
1620 526
465 525
2634 524
647 524
1945 524
1221 523
232 523
573 523
1102 523
1388 522
964 522
893 521
792 521
1899 520
428 520
132 519
2503 519
560 518
2501 518
1664 517
2597 517
2538 517
1307 515
1598 515
1121 515
1290 515
1386 515
153 514
1382 514
2169 514
1693 514
2217 513
2021 513
877 512
2109 512
2250 511
1457 511
399 510
584 510
434 508
875 507
725 507
1592 506
2163 506
2306 506
2113 505
277 504
788 504
228 503
1528 503
271 503
859 503
2466 503
1120 502
936 502
17 501
970 501
935 501
889 500
2565 500
311 499
1652 499
1046 498
230 498
1359 498
1107 498
1349 498
1051 498
2358 496
1775 495
1402 495
394 495
2336 495
14 495
1003 495
1202 494
290 493
1618 493
1579 493
790 493
1096 493
4 493
2357 492
895 492
1482 492
1738 491
1829 491
738 491
2003 490
1303 490
1980 490
1978 489
156 488
1344 487
863 487
75 486
22 486
1709 486
558 485
2186 485
1399 485
1731 484
1794 484
2203 484
20 484
2009 484
1481 484
524 483
2162 483
1928 482
1710 482
1807 482
1711 482
698 482
2553 482
1846 482
1189 482
1882 482
1213 481
1834 480
1530 480
348 480
728 480
1016 480
2016 480
537 480
146 479
604 479
1250 479
1797 479
1094 479
2484 479
2442 479
622 479
110 479
172 478
2515 478
1979 477
823 477
586 476
1821 475
1503 475
563 475
1906 475
576 475
385 474
1964 473
2668 473
582 472
466 472
1401 471
2076 471
297 470
1408 470
1448 470
1984 469
2295 469
1841 469
18 468
2290 468
1097 467
1801 467
732 467
2448 467
1176 466
2172 466
783 466
953 465
332 465
1313 465
514 465
344 465
1636 465
1502 465
722 465
2017 464
2425 463
1785 463
778 463
61 463
203 462
1670 462
869 462
2492 461
104 461
423 461
801 461
1935 461
1020 461
1546 461
52 460
857 459
1552 459
2100 458
819 458
2457 457
797 457
2356 457
985 457
1732 457
1204 456
1045 455
162 455
2360 455
470 454
120 453
2339 453
142 451
1804 451
1645 450
512 449
2095 449
2495 449
2399 449
211 449
437 449
798 449
693 448
1071 448
2280 448
794 448
1856 447
1759 447
1881 447
741 447
1805 446
766 446
1251 446
1415 446
2395 445
25 445
315 444
107 444
255 444
2085 444
2175 444
1657 443
270 443
1724 441
1987 441
27 440
871 440
972 440
1472 440
681 439
719 439
1723 439
2220 439
370 439
969 439
1784 439
2148 439
1880 439
1729 438
1566 438
961 438
217 438
1781 438
1837 438
240 437
843 437
302 437
266 437
1409 437
1567 437
1083 436
2390 436
1662 435
1012 435
2010 435
608 434
751 434
1951 434
2437 434
1271 434
807 434
1129 434
2246 434
2662 434
2688 433
2212 433
2285 433
1936 432
1650 432
989 432
168 432
1789 432
1000 432
1862 432
911 432
1196 431
1653 431
123 431
2455 430
578 430
718 430
1245 429
341 429
108 429
689 429
417 429
2327 429
747 428
152 428
1593 428
2195 427
391 427
1026 426
2198 426
2000 426
481 426
1178 426
1318 426
1677 426
2519 425
506 425
1956 425
607 425
1484 424
2486 423
308 423
2180 423
665 423
366 423
1218 423
2099 423
122 422
177 422
1226 422
1913 421
1333 421
706 421
1152 421
1316 421
2493 420
1676 420
1488 420
1334 420
2436 419
457 419
710 418
2230 417
2120 417
252 417
1941 417
1911 416
2463 416
1111 415
2304 415
2027 415
200 415
372 414
431 414
945 413
149 413
1555 412
1818 412
2375 412
2154 412
411 411
1835 411
2046 410
2192 410
696 410
930 410
16 409
1749 409
1995 408
1533 408
117 408
1879 408
716 408
2209 407
834 407
888 407
486 407
2537 407
812 407
1287 407
1627 406
1777 406
443 406
1086 405
2150 405
2676 405
1136 405
1412 404
1127 404
883 404
1717 403
1769 403
701 403
1999 403
1170 403
2074 403
1182 403
1762 403
404 402
626 402
666 402
86 402
767 402
534 402
380 401
526 401
1654 401
2694 401
2125 401
708 401
2187 401
887 401
1024 400
2631 400
1310 400
2705 400
967 400
1059 400
2692 400
1600 400
2665 400
2666 400
1407 400
2603 400
1048 400
462 400
2618 400
2619 400
250 400
2429 400
1044 400
713 400
1263 400
1231 400
106 400
2703 400
1298 400
2639 400
917 400
692 400
780 400
2341 400
2602 400
2629 400
2431 400
721 400
1034 400
520 400
2432 400
592 400
2669 400
2625 400
2569 400
2626 400
184 400
653 400
545 400
422 400
2544 400
3 400
2410 400
2433 400
1233 400
662 400
2529 400
1356 400
959 400
1613 400
225 400
641 400
1375 400
2704 400
2411 400
2586 400
187 400
1371 400
2255 400
1393 400
1673 400
587 400
2660 400
611 400
2690 400
974 400
1108 400
1496 400
1005 400
1541 400
1236 400
2479 400
287 400
1286 400
538 400
2583 400
247 400
222 400
932 400
2664 400
821 400
1594 400
1438 400
2177 400
832 400
31 400
2600 400
1210 400
2659 400
1563 400
1691 400
2633 400
1648 400
229 400
700 400
208 400
7 400
66 400
625 400
2461 400
1181 400
786 400
947 400
1208 400
390 400
1032 400
991 400
307 400
474 400
986 400
2697 400
2215 399
124 399
1763 399
2259 399
2701 398
764 398
758 398
627 398
1604 398
1803 398
2004 398
1870 398
449 397
1734 397
151 397
1117 396
2434 396
405 396
84 396
1234 396
1328 396
158 396
1476 395
1157 395
861 395
1405 394
2624 394
568 394
1741 394
1520 394
1525 394
244 394
588 394
643 393
2145 393
1049 393
2266 393
174 393
1557 392
614 392
621 392
1062 392
242 392
1149 392
1896 391
849 391
246 391
671 390
2289 390
1608 390
827 390
1079 390
67 389
1380 389
1830 389
477 389
1929 389
2041 389
447 389
1720 388
1109 388
1661 388
337 388
826 388
493 388
1348 387
38 387
2419 387
1110 387
994 387
1665 387
1799 387
189 387
808 386
1868 386
2139 386
2225 386
1038 386
2439 386
181 386
2497 385
259 385
2026 385
1864 385
1311 385
2647 385
1898 385
2695 385
1718 385
1704 384
1960 384
2670 384
2642 384
1850 384
1499 383
2685 383
2156 383
1151 382
1432 382
1719 382
2297 382
213 382
731 382
899 382
2107 381
1683 381
2132 381
800 381
173 381
1007 381
1146 381
1337 381
771 381
982 381
1235 381
485 381
2308 380
2159 380
1427 380
1156 380
2546 380
1439 380
965 379
2236 379
377 379
549 379
805 379
2127 379
851 379
1716 378
261 378
2648 378
1543 378
56 378
2185 378
1871 378
406 378
112 377
264 377
1444 377
2580 377
455 377
1828 377
1410 376
144 376
32 376
837 376
1531 376
842 376
1017 375
1085 375
267 375
2141 375
2229 375
2202 374
1272 374
1669 374
1510 374
1279 374
298 374
1354 374
1442 374
397 373
1040 373
1796 372
81 372
1498 372
796 372
1327 372
1414 372
1365 371
793 371
1714 371
1983 371
318 371
628 370
1195 370
1340 370
1177 370
2086 370
1089 368
2427 368
1512 368
1780 368
448 368
703 368
744 367
183 367
202 367
518 367
1500 366
562 366
2052 366
1462 366
2066 366
2022 366
105 366
6 365
814 365
1825 365
2040 365
1572 365
905 365
1487 365
464 364
1159 364
1791 364
1201 364
2033 363
353 363
980 363
1216 363
2324 363
2596 362
2110 362
1642 362
948 362
1139 362
495 362
1479 362
1675 361
1641 361
157 360
383 360
357 360
41 360
37 360
1553 360
2129 360
8 360
1098 359
1838 359
1008 359
1118 359
2136 358
2207 358
1474 358
1281 358
1215 358
1684 358
1687 358
2143 358
459 357
1536 357
2344 357
1346 357
1697 356
1974 356
304 355
128 355
997 355
2265 354
1635 354
1679 353
1200 353
388 353
928 353
349 351
386 351
1713 351
347 351
835 351
93 351
137 351
864 351
2445 350
15 350
1568 350
257 350
1148 349
1940 349
2423 349
1194 349
1770 349
463 349
542 349
215 348
2078 348
1961 347
60 347
1092 347
1192 346
483 346
1800 345
2440 344
1622 344
1191 344
1946 344
2214 344
616 343
984 343
452 343
1477 343
938 343
1827 342
1751 342
755 342
1947 342
1976 342
915 341
1077 341
432 341
2599 339
726 339
727 339
375 339
1435 338
509 338
453 338
1836 337
552 337
1885 337
2090 337
1962 336
2516 336
2275 336
165 335
2204 335
1736 335
1242 334
1806 334
92 334
469 334
87 334
2069 333
846 333
1754 333
2645 333
1133 333
2070 333
1276 333
620 333
968 332
2391 332
1549 331
775 331
2164 331
529 331
2283 330
1308 330
2350 329
446 329
2604 329
2222 329
1 329
2326 328
2286 328
589 328
1674 328
2401 328
409 328
676 327
2274 327
1630 327
0 327
2582 327
2055 326
2579 326
2412 326
114 326
1473 325
1570 325
1537 325
2498 325
891 325
369 325
2006 325
1138 325
830 324
85 324
2372 324
478 324
2115 323
1368 323
2520 323
1639 323
407 323
2706 323
2263 323
2454 322
757 322
1878 322
1917 322
1106 322
1619 322
2483 322
924 322
1031 322
2138 322
292 321
1366 321
2560 320
1419 320
2035 320
927 320
1429 320
1259 319
2567 319
1056 319
2674 319
460 319
387 319
1291 318
2558 318
1239 318
1190 318
2678 317
68 317
1569 317
1023 317
2566 316
2482 316
1209 316
1614 316
90 316
2219 316
903 316
2317 315
699 315
2223 315
2396 315
2381 315
2039 315
1712 315
1403 314
1840 314
1385 314
1875 314
2002 314
1819 313
1278 313
2213 313
1420 313
1605 313
2651 313
171 313
2673 313
2465 312
1972 312
71 312
35 312
381 311
1688 311
828 311
1338 311
1574 311
1331 311
1746 310
309 310
321 309
848 309
1124 309
197 309
1006 309
1809 309
2675 309
179 309
2011 308
1390 308
376 308
2068 308
276 308
300 308
395 308
2072 308
445 307
1513 307
939 307
958 307
677 307
1522 306
523 306
1237 306
150 306
795 306
1332 306
53 305
1104 305
2205 305
746 305
2279 305
1394 305
220 305
80 305
2480 305
2029 304
1808 304
1586 304
64 304
1597 304
1524 304
2556 304
1254 304
955 304
354 303
1243 303
467 303
1865 303
2051 303
1997 303
2008 303
2491 303
2707 303
1820 302
714 302
559 302
579 302
1330 302
1314 302
844 301
1695 301
1128 301
1260 301
2319 301
2287 301
249 301
2137 300
574 300
504 300
2233 300
2288 300
1663 300
435 300
1933 300
2371 299
1036 299
1833 299
2260 299
2093 299
1186 299
1625 298
2303 298
2608 298
1490 298
2118 298
1362 298
1134 298
1249 298
1392 297
1867 297
328 297
2325 297
554 296
918 296
2366 296
2065 296
1786 296
329 296
2500 296
870 296
765 296
2102 296
2379 296
1452 295
1640 295
2348 295
1727 295
1266 295
1180 295
720 295
2654 294
791 294
141 294
468 294
712 294
1450 294
1968 294
382 294
667 294
1112 293
76 293
1585 293
1606 293
1068 293
1451 293
1207 293
2235 293
2174 293
1632 293
1722 293
937 292
2277 292
2276 292
2135 292
1373 292
2073 292
2407 292
2242 292
894 291
763 291
2023 291
2330 291
583 291
263 291
451 291
2103 291
1660 290
1173 290
289 290
1494 290
1768 290
1823 290
1268 290
2686 289
1581 289
2524 289
2347 289
1116 289
1953 289
324 289
2030 289
1047 289
496 288
1304 288
2473 288
659 288
860 288
1073 288
1921 288
1205 288
320 288
2352 288
1629 288
886 288
1892 288
629 288
1460 288
196 287
1267 287
1258 287
513 287
2281 287
1916 287
906 287
1264 287
1299 287
1165 287
2015 287
1468 287
2079 286
2237 286
5 286
2067 286
1942 286
1609 286
850 286
2386 286
2084 286
365 286
995 286
2438 286
312 286
1064 286
1847 286
960 286
1790 285
2507 285
2364 285
1753 285
669 285
1061 285
1948 285
2151 284
740 284
633 284
1063 284
1904 284
752 284
1033 284
2296 284
1715 284
2661 284
1891 284
1970 284
502 284
503 283
1508 283
352 283
1523 283
933 283
1039 283
1037 283
1584 282
1219 282
585 282
787 282
330 282
839 281
471 281
845 281
1802 281
990 281
754 281
530 280
130 280
1001 280
2576 280
176 280
1755 279
286 279
113 279
593 279
2469 279
2543 278
1478 278
1292 278
803 278
1971 278
1844 277
2687 277
303 277
2370 277
1400 277
1589 276
2693 276
853 276
1228 276
2392 276
2535 275
1339 275
2470 275
1757 275
724 275
1925 275
2165 275
2153 275
1312 275
1733 275
1293 274
1297 274
602 274
2447 274
1651 274
2252 274
223 274
1223 274
1766 274
900 274
510 274
2206 274
856 274
1888 273
2307 273
1341 273
572 273
1074 273
1518 273
143 273
2161 273
40 273
1752 273
2474 272
2355 272
2380 272
2332 272
378 272
2333 272
1248 272
248 272
1981 272
1924 272
334 272
1607 272
326 271
2413 271
135 271
101 271
2131 271
78 270
872 270
1329 270
412 270
2590 270
1815 270
950 270
1335 269
1241 269
1540 269
2091 269
595 269
1656 269
1748 269
655 269
1265 268
742 268
2504 268
564 268
1433 268
1857 268
373 268
2684 267
2522 267
1685 267
79 266
489 266
1486 266
2346 266
649 266
776 265
921 265
1145 265
1667 265
2200 265
2353 265
1969 265
1099 265
1559 265
1932 264
1495 264
2635 264
1788 263
1376 263
1081 263
282 263
1255 263
1369 262
2121 261
2563 261
1699 261
768 261
902 261
2089 260
1560 259
138 259
1588 259
1771 259
1175 258
182 258
338 257
1726 257
1550 257
1621 257
811 257
2210 255
2652 254
1504 254
1426 254
2190 253
283 253
2170 252
539 252
878 252
2232 252
1322 252
774 252
1389 252
749 251
2251 249
359 249
656 249
1324 248
1381 247
2382 247
1434 246
1179 246
2284 245
1931 245
2183 245
618 245
2299 244
615 243
2508 243
2649 243
1155 242
1222 242
1937 242
2293 241
2698 241
1379 241
1091 241
1424 240
2048 240
971 240
2226 240
1831 239
569 239
688 239
2245 239
2689 238
2680 238
1168 237
1326 236
855 236
516 236
1445 235
1283 235
1698 235
2340 235
1342 234
2231 234
2547 234
2630 234
956 234
532 233
2012 233
140 233
1130 233
2398 233
2184 233
70 232
2415 232
2594 232
672 231
245 231
1816 231
571 231
2116 231
2573 231
10 230
219 230
605 230
1230 230
634 230
2201 229
2038 229
1963 229
1918 229
2554 229
881 228
2416 228
9 228
683 228
2578 228
1915 228
1706 227
2101 227
1295 226
1576 226
410 226
2581 226
2458 226
2292 226
670 226
488 225
427 224
1989 224
2443 224
1573 224
1141 224
224 224
2430 224
21 223
273 223
631 223
551 223
2471 222
499 222
2585 222
637 222
1455 222
2663 222
1440 222
340 222
227 221
2031 221
42 220
1357 220
543 220
1361 220
981 220
2408 219
2653 219
2577 219
335 219
46 219
2218 218
294 218
1532 218
642 218
1217 218
83 218
343 217
2677 217
1678 217
13 217
1993 217
914 217
2244 216
2414 216
2043 216
253 216
784 216
2363 216
2403 216
1783 216
2612 216
619 215
2369 215
1113 215
2490 215
920 215
753 215
367 215
1506 215
2409 214
2616 214
2499 214
2424 214
1855 214
450 214
660 214
1516 214
1280 214
147 214
77 214
396 214
1162 213
2278 213
2422 213
1461 213
1813 213
2082 213
2641 213
2047 213
421 213
206 213
1398 213
2682 212
131 212
2456 212
1859 212
2020 212
82 212
2301 212
1166 212
161 211
479 211
1446 211
2700 211
97 211
2459 211
1811 211
694 211
1372 211
884 211
635 211
1893 210
1465 210
2049 210
100 210
1492 210
847 210
1587 210
2294 210
1658 210
416 210
398 209
1114 209
11 209
2323 209
570 209
1637 209
723 209
1430 209
1985 209
709 209
2036 209
1232 209
841 209
1075 209
2541 209
1275 209
2393 208
1153 208
978 208
1172 208
1497 207
547 207
2609 207
2166 207
1347 207
1163 207
1521 207
617 207
54 207
1082 207
613 207
199 207
2314 207
922 206
1184 206
2406 206
1548 206
1010 206
461 206
1887 206
934 206
673 205
2256 205
999 205
2262 205
535 205
1863 205
439 205
1545 204
1480 204
1011 204
818 204
1991 204
1646 204
1406 204
890 204
49 204
993 204
858 204
1582 204
1631 203
2691 203
820 203
1294 203
546 203
2267 203
1053 203
866 203
1877 203
166 202
190 202
1383 202
1471 202
1992 202
1792 202
1055 202
1238 202
2042 202
195 202
185 202
2601 202
2338 201
705 201
1515 201
770 201
1897 201
2453 201
1353 201
1384 200
1270 200
1423 200
2334 200
1305 200
663 200
2400 200
1288 200
1910 200
331 200
2460 199
2037 199
1345 199
879 199
342 199
188 199
2152 199
1167 199
1043 199
813 199
2313 199
1965 199
2513 199
2064 199
317 199
1760 198
1890 198
2062 198
301 198
624 198
1206 198
360 198
536 198
1004 198
951 198
420 197
527 197
2310 197
806 197
1459 197
908 197
2462 197
2057 197
1767 196
275 196
761 196
822 196
2106 196
164 196
1886 196
2368 196
942 195
1355 195
1730 195
1315 195
1644 195
2331 195
1225 195
2452 195
1858 195
1764 195
691 195
2592 194
556 194
590 194
907 194
678 194
533 194
1822 194
1009 194
2467 193
1876 193
1431 193
2088 193
1905 193
2528 193
2481 193
314 193
1814 192
1843 192
2134 192
2302 192
1967 192
205 192
2343 192
594 191
296 191
424 191
325 190
2475 190
1019 190
346 190
1565 190
1456 190
892 190
1988 190
2105 190
976 190
2019 189
2342 189
2196 189
682 189
1544 189
1564 189
2321 189
129 189
1845 189
1923 188
2312 188
1977 188
1943 188
599 187
1900 187
1123 187
1517 187
652 187
686 187
2108 187
1668 187
216 187
1994 187
2211 187
1197 187
511 187
1852 186
1467 186
1817 186
2514 186
212 186
159 186
2081 186
1100 185
2615 185
2591 185
268 185
1029 185
1319 185
1551 185
946 185
2014 185
759 185
1690 185
2402 185
2517 185
1088 184
1084 184
116 184
2050 184
1680 184
1211 184
929 184
2389 184
125 184
1025 183
1939 183
1425 183
2311 183
566 183
2378 183
992 183
234 183
1509 182
1193 182
880 182
862 182
675 182
802 182
2258 182
531 182
1949 182
193 182
1930 182
2013 182
2044 182
840 181
597 181
781 181
1125 181
2087 181
1590 180
305 180
29 180
47 180
1142 180
1866 179
2494 179
1659 179
72 179
2572 179
697 178
1306 178
170 178
1453 177
1562 177
280 177
1747 177
762 177
336 177
1187 177
501 177
684 177
285 177
1982 176
2525 175
952 175
1363 175
2320 175
295 175
1922 174
1744 174
262 174
2128 174
2540 174
2441 174
2098 174
2318 173
384 173
789 173
1087 172
909 171
2119 171
1561 171
2571 171
1895 171
1144 171
2523 171
1289 170
1252 169
1285 169
517 168
1611 168
1253 168
773 167
2053 166
2435 165
169 165
254 165
2656 165
1934 165
333 164
1689 164
2632 162
1449 162
433 159
2261 157
2702 157
2574 156
2373 156
237 155
500 154
274 153
198 152
2449 152
1575 152
528 149
1491 149
260 149
639 146
690 146
2158 145
1244 145
23 144
361 143
2628 143
1028 142
522 142
2551 140
1132 140
777 139
63 139
2683 139
824 138
1277 138
1556 138
658 137
2298 136
2657 135
913 135
1227 135
2171 134
925 134
2428 134
1030 133
2646 133
1422 133
1686 133
2699 133
2613 133
2149 132
209 132
2550 132
1938 132
214 132
975 130
2548 130
987 130
2533 129
288 129
601 129
1603 128
207 128
2606 127
418 127
1078 127
2644 126
785 126
2420 125
1014 125
2611 125
2191 125
419 125
2328 124
50 124
949 124
1466 123
654 123
1323 123
2421 123
1352 123
494 122
2104 122
293 122
2264 122
278 122
272 122
2060 121
1247 121
1578 121
1454 121
646 120
799 120
2193 120
178 120
2588 120
865 119
2658 119
1793 119
2512 119
852 119
345 119
2557 119
1595 119
393 119
98 118
2549 118
2417 118
1601 118
1404 118
413 117
2272 117
829 117
1105 117
1700 117
916 117
2672 117
1212 117
2643 117
2607 116
1391 116
782 116
2552 116
358 116
1612 115
2587 115
265 115
1861 115
2316 115
2568 115
1591 115
926 115
1387 115
362 115
2531 115
1511 115
1411 115
475 115
204 114
192 114
1615 114
2621 114
944 114
912 114
1150 114
707 114
2257 113
2536 113
2506 113
2545 113
2502 113
2404 113
425 113
575 113
2511 113
2527 113
134 113
1027 112
1066 112
2521 112
1860 112
235 112
2271 112
2487 112
2007 112
2542 112
772 112
226 112
2234 112
1140 112
2510 112
2354 111
2561 111
1854 111
1774 111
2361 111
1126 111
1643 111
1302 111
1060 111
241 111
2028 111
1057 110
2584 110
2061 110
1547 110
2477 110
632 109
1321 109
497 109
2655 109
2337 109
2488 109
804 109
730 109
322 109
256 108
339 108
2179 108
2468 108
1649 108
2532 108
1198 108
115 107
988 107
2377 107
2111 107
896 107
1436 107
1137 107
1617 106
664 106
1853 106
882 106
2489 106
2595 106
1596 106
600 106
2496 106
825 106
363 105
983 105
2598 105
2640 105
668 105
1437 105
1626 105
2032 105
923 105
2362 105
1493 105
2617 104
1489 104
1374 104
1122 104
127 104
2593 104
769 104
1707 104
1883 104
2315 104
1633 103
2610 103
1261 103
2167 103
2622 103
62 102
1571 102
648 102
636 102
58 101
2273 101
1161 101
2322 101
2188 101
940 101
561 101
491 101
966 101
1638 101
1397 101
2650 101
1832 101
508 101
2397 101
2605 100
2638 100
2239 100
351 100
680 100
750 100
1164 100
2696 100
715 100
1872 99
679 99
1418 99
2092 99
2374 99
2575 99
1990 98
1052 98
319 98
810 98
521 98
1514 98
2589 98
96 97
2478 97
2426 97
630 97
1539 97
1696 97
2505 97
2254 96
612 96
313 96
685 96
291 96
874 96
400 96
1485 96
2627 95
1246 95
2559 95
57 94
1672 94
221 94
19 94
233 93
2208 93
943 93
1021 93
1350 93
977 93
2345 93
28 93
1076 92
1274 92
1069 92
2384 91
163 91
1018 90
34 90
2623 90
1188 90
2620 90
555 89
1058 89
238 89
1364 88
550 88
2005 88
1447 88
931 88
355 88
919 87
674 87
557 85
136 85
430 84
1220 83
2253 82
2300 82
2142 82
414 81
941 79
2637 78
1458 76
717 76
1694 74
